time_limit_c=2
time_limit_java=1
time_limit_python=1
C=([0.001898, 0.0018839999999999998, 0.024531],[1.2051479999999999, 0.139485, 0.11667299999999999],[5.252998, 0.7383869999999999, 1.0070109999999999])
Java=([],[],[])
Python=([],[],[])
