time_limit_c=2
time_limit_java=1
time_limit_python=1
C=([0.0017929999999999999, 0.0018859999999999999, 0.026875999999999997, 0.023031999999999997],[1.220846, 0.138119, 0.23459599999999997, 0.106874],[5.365988, 0.7371289999999999, 1.619347, 0.9407949999999999])
Java=([],[],[])
Python=([],[],[])
