time_limit_c=2
time_limit_java=1
time_limit_python=1
C=([0.021599, 0.0012109999999999998, 0.024541, 0.001202],[0.087167, 1.067316, 0.198819, 0.110288],[0.8000590000000001, 4.665666, 1.3818710000000003, 0.5740750000000001])
Java=([],[],[])
Python=([],[],[])
