time_limit_c=2
time_limit_java=1
time_limit_python=1
C=([0.001961, 0.001869, 0.001815, 0.023683000000000003],[1.200594, 0.13711500000000001, 0.154509, 0.113454],[5.316894, 0.7343789999999999, 0.751307, 0.9766149999999998])
Java=([],[],[])
Python=([],[],[])
