time_limit_c=3
time_limit_java=1
time_limit_python=1
C=([0.030199999999999998, 0.03463, 0.0016129999999999999, 0.001707],[0.122694, 0.249176, 0.177233, 1.545806],[1.141959, 1.912992, 0.852878, 6.853101])
Java=([],[],[])
Python=([],[],[])
