time_limit_c=1
time_limit_java=1
time_limit_python=1
C=([0.0011539999999999999, 0.001152, 0.001152],[0.0014169999999999999, 0.001199, 0.001932],[0.026155, 0.025767999999999996, 0.028685])
Java=([],[],[])
Python=([],[],[])
