time_limit_c=1
time_limit_java=1
time_limit_python=1
C=([0.0012649999999999998, 0.001281, 0.0012569999999999999],[0.001956, 0.001992, 0.002035],[0.06516, 0.06724200000000001, 0.06553299999999998])
Java=([],[],[])
Python=([],[],[])
