time_limit_c=1
time_limit_java=1
time_limit_python=1
C=([0.0016799999999999999, 0.0016439999999999998, 0.001593],[0.002833, 0.002627, 0.002545],[0.04238899999999999, 0.043397, 0.042876])
Java=([],[],[])
Python=([],[],[])
