time_limit_c=1
time_limit_java=1
time_limit_python=1
C=([0.0016799999999999999, 0.001956],[0.0035629999999999998, 0.003564],[0.12008199999999998, 0.12125400000000004])
Java=([],[],[])
Python=([],[],[])
