time_limit_c=1
time_limit_java=1
time_limit_python=1
C=([0.002636, 0.013998, 0.002097],[0.058773, 0.040658, 0.039679],[0.142644, 0.39782300000000004, 0.10782899999999998])
Java=([],[],[])
Python=([],[],[])
