time_limit_c=1
time_limit_java=1
time_limit_python=1
C=([0.001679, 0.004987, 0.018256, 0.001583],[0.148841, 0.08614799999999999, 0.10359399999999999, 0.085253],[0.5814730000000001, 0.4150439999999999, 0.7902589999999998, 0.344881])
Java=([],[],[])
Python=([],[],[])
