time_limit_c=1
time_limit_java=1
time_limit_python=1
C=([0.0019119999999999999, 0.014445, 0.00202],[0.056198, 0.04355099999999999, 0.031129999999999998],[0.12844199999999997, 0.4014539999999999, 0.090701])
Java=([],[],[])
Python=([],[],[])
