time_limit_c=1
time_limit_java=1
time_limit_python=1
C=([0.013098, 0.001315, 0.001223, 0.003349],[0.07965799999999999, 0.104892, 0.0627, 0.067416],[0.5730329999999999, 0.44587599999999994, 0.26749599999999996, 0.327576])
Java=([],[],[])
Python=([],[],[])
