time_limit_c=1
time_limit_java=1
time_limit_python=1
C=([0.017803, 0.0019119999999999999, 0.002035],[0.10409099999999999, 0.081998, 0.139419],[0.7582629999999999, 0.35645000000000004, 0.5939949999999999])
Java=([],[],[])
Python=([],[],[])
