time_limit_c=2
time_limit_java=1
time_limit_python=1
C=([0.0012619999999999999],[0.452045],[0.6775960000000002])
Java=([],[],[])
Python=([],[],[])
