time_limit_c=3
time_limit_java=1
time_limit_python=1
C=([0.001838],[0.725127],[1.0724909999999999])
Java=([],[],[])
Python=([],[],[])
