time_limit_c=1
time_limit_java=1
time_limit_python=1
C=([0.00166, 0.001704],[0.551342, 0.265563],[0.8667789999999999, 0.5987390000000001])
Java=([],[],[])
Python=([],[],[])
