time_limit_c=1
time_limit_java=1
time_limit_python=1
C=([0.0017289999999999999, 0.0016719999999999999, 0.001749, 0.001697, 0.001736],[0.003208, 0.003767, 0.0035199999999999997, 0.002832, 0.0030659999999999997],[0.11377499999999997, 0.11188, 0.10867199999999999, 0.10779500000000002, 0.10916199999999997])
Java=([],[],[])
Python=([0.026875999999999997],[0.031582],[1.5056790000000007])
