time_limit_c=1
time_limit_java=1
time_limit_python=1
C=([0.001286, 0.0012259999999999999, 0.001256, 0.001249, 0.0012619999999999999],[0.002061, 0.002033, 0.001846, 0.0017569999999999999, 0.001947],[0.07567899999999998, 0.077741, 0.07586999999999997, 0.07153399999999997, 0.07427799999999998])
Java=([],[],[])
Python=([0.012197],[0.014306],[0.652921])
