time_limit_c=1
time_limit_java=1
time_limit_python=1
C=([0.001243, 0.0012259999999999999, 0.001267],[0.002079, 0.0019249999999999998, 0.0021319999999999998],[0.07791700000000001, 0.07154700000000001, 0.07308599999999998])
Java=([],[],[])
Python=([0.012202],[0.013739999999999999],[0.6465749999999999])
