time_limit_c=1
time_limit_java=1
time_limit_python=1
C=([0.002093],[0.003211],[0.122915])
Java=([],[],[])
Python=([0.027114],[0.033818],[1.3293409999999999])
