time_limit_c=1
time_limit_java=1
time_limit_python=1
C=([0.001913],[0.004042],[0.12530299999999997])
Java=([],[],[])
Python=([0.028291],[0.042635],[1.5363550000000001])
