time_limit_c=1
time_limit_java=1
time_limit_python=1
C=([0.0018809999999999999],[0.003052],[0.111376])
Java=([],[],[])
Python=([0.027524],[0.033996],[1.3711729999999998])
