time_limit_c=1
time_limit_java=1
time_limit_python=1
C=([0.001913, 0.001986, 0.0019299999999999999, 0.001959, 0.001921],[0.003895, 0.0031999999999999997, 0.004044, 0.0035459999999999997, 0.003356],[0.12177499999999997, 0.11592999999999998, 0.120418, 0.12106200000000002, 0.11556599999999999])
Java=([],[],[])
Python=([0.027833],[0.036009],[1.53771])
