time_limit_c=1
time_limit_java=1
time_limit_python=1
C=([0.0016929999999999998],[0.0029119999999999997],[0.068633])
Java=([],[],[])
Python=([0.034936],[0.040796],[1.224107])
