time_limit_c=1
time_limit_java=1
time_limit_python=1
C=([0.001629],[0.00265],[0.063871])
Java=([],[],[])
Python=([0.035164],[0.039992],[1.2204909999999998])
