time_limit_c=1
time_limit_java=1
time_limit_python=1
C=([],[],[])
Java=([],[],[])
Python=([0.040609],[0.04508399999999999],[1.4036309999999999])
