time_limit_c=1
time_limit_java=1
time_limit_python=1
C=([],[],[])
Java=([],[],[])
Python=([0.034130999999999995],[0.046084999999999994],[1.3395770000000002])
