time_limit_c=1
time_limit_java=1
time_limit_python=1
C=([],[],[])
Java=([],[],[])
Python=([0.034464],[0.039050999999999995],[1.203162])
