time_limit_c=1
time_limit_java=1
time_limit_python=1
C=([0.001887, 0.001847],[0.011561, 0.011328999999999999],[0.07056099999999998, 0.071269])
Java=([],[],[])
Python=([],[],[])
