time_limit_c=1
time_limit_java=1
time_limit_python=1
C=([0.001714, 0.001663],[0.0028669999999999998, 0.002701],[0.06369699999999999, 0.062304])
Java=([],[],[])
Python=([],[],[])
