time_limit_c=1
time_limit_java=1
time_limit_python=1
C=([0.0016129999999999999, 0.001696],[0.003094, 0.003516],[0.064245, 0.06789899999999999])
Java=([],[],[])
Python=([],[],[])
