time_limit_c=1
time_limit_java=1
time_limit_python=1
C=([0.0021579999999999998, 0.001964],[0.009422, 0.008824],[0.068686, 0.067896])
Java=([],[],[])
Python=([],[],[])
