time_limit_c=1
time_limit_java=1
time_limit_python=1
C=([0.001873, 0.0019489999999999998],[0.0042179999999999995, 0.0049],[0.07212099999999999, 0.074489])
Java=([],[],[])
Python=([],[],[])
