time_limit_c=1
time_limit_java=1
time_limit_python=1
C=([0.001565, 0.001676],[0.002175, 0.003051],[0.055402, 0.06648699999999999])
Java=([],[],[])
Python=([],[],[])
