time_limit_c=1
time_limit_java=1
time_limit_python=1
C=([0.001828, 0.002045],[0.09832199999999999, 0.24905599999999997],[0.34086399999999994, 0.8027419999999998])
Java=([],[],[])
Python=([],[],[])
