time_limit_c=1
time_limit_java=1
time_limit_python=1
C=([0.001736, 0.0016829999999999998, 0.001614],[0.28735399999999994, 0.122552, 0.101701],[0.8856439999999999, 0.41471199999999997, 0.348931])
Java=([],[],[])
Python=([],[],[])
