time_limit_c=1
time_limit_java=1
time_limit_python=1
C=([0.0013139999999999998, 0.001258, 0.001246],[0.22475299999999998, 0.081674, 0.09517099999999999],[0.7088319999999999, 0.277535, 0.31976099999999996])
Java=([],[],[])
Python=([],[],[])
