time_limit_c=1
time_limit_java=1
time_limit_python=1
C=([0.0018009999999999999, 0.001861],[0.07218999999999999, 0.178392],[0.6407079999999999, 0.9896489999999999])
Java=([],[],[])
Python=([],[],[])
