time_limit_c=1
time_limit_java=1
time_limit_python=1
C=([0.0018239999999999999, 0.001939],[0.275034, 0.41022400000000003],[1.900987, 2.9948079999999995])
Java=([],[],[])
Python=([],[],[])
