time_limit_c=2
time_limit_java=1
time_limit_python=1
C=([0.0018499999999999999, 0.001828],[0.393714, 0.417291],[2.038902, 3.004062])
Java=([],[],[])
Python=([],[],[])
