time_limit_c=1
time_limit_java=1
time_limit_python=1
C=([0.0019509999999999998, 0.0017929999999999999, 0.0018189999999999999],[0.277061, 0.072494, 0.17400100000000002],[2.2169909999999993, 1.2123739999999996, 2.2215570000000002])
Java=([],[],[])
Python=([],[],[])
