time_limit_c=6
time_limit_java=1
time_limit_python=1
C=([0.08272199999999999],[1.818711],[8.617055])
Java=([],[],[])
Python=([],[],[])
