time_limit_c=9
time_limit_java=1
time_limit_python=1
C=([0.0017389999999999999, 0.105329],[5.78644, 1.554869],[14.360759999999999, 8.538630000000001])
Java=([],[],[])
Python=([],[],[])
