time_limit_c=5
time_limit_java=1
time_limit_python=1
C=([0.101461],[1.599686],[8.579894999999999])
Java=([],[],[])
Python=([],[],[])
