time_limit_c=1
time_limit_java=1
time_limit_python=1
C=([0.001869, 0.001941],[0.0034509999999999996, 0.003328],[0.095645, 0.09115299999999997])
Java=([],[],[])
Python=([],[],[])
