time_limit_c=1
time_limit_java=1
time_limit_python=1
C=([0.0017569999999999999, 0.001682],[0.003244, 0.0029779999999999997],[0.07665399999999999, 0.07420099999999999])
Java=([],[],[])
Python=([],[],[])
