time_limit_c=1
time_limit_java=1
time_limit_python=1
C=([0.0018789999999999998, 0.0018529999999999998],[0.0032359999999999997, 0.003473],[0.09276, 0.085741])
Java=([],[],[])
Python=([],[],[])
